2 0.028334147532975085 0.4514901712111604 0.05471421592574499 0.12682308180088775
2 0.1074743527112848 0.48319594166138236 0.061553492916463115 0.05643627140139505
2 0.24670249145090375 0.50285351934052 0.04787493893502687 0.07545973367152822
2 0.16853932584269662 0.5250475586556753 0.0718124084025403 0.06785034876347495
2 0.1792867611138251 0.4933417882054534 0.05471421592574499 0.05643627140139505
2 0.3976551050317538 0.4889029803424223 0.07376648754274548 0.14648065948002537
2 0.4587200781631656 0.5383639822447686 0.05666829506595017 0.061509194673430564
2 0.5339521250610649 0.5041217501585289 0.061553492916463115 0.05199746353836398
2 0.7024914509037616 0.5732403297400127 0.19296531509526135 0.1813570069752695
2 0.6643869076697606 0.4204185161699429 0.08695652173913043 0.1274571972098922
2 0.9169516365412799 0.6391883322764743 0.1626770884220811 0.2435003170577045
2 0.8436736687835857 0.8706404565630945 0.15437225207620908 0.20862396956246038